nFrames: 4
0
21
33
50
63
nSegs: 63
0
60
100
141
178
195
218
237
258
289
322
333
338
345
352
364
366
368
370
372
373
374
431
453
469
612
625
651
677
680
687
698
699
700
774
858
929
966
992
1004
1021
1026
1040
1052
1054
1056
1059
1061
1063
1064
1065
1196
1328
1353
1394
1406
1413
1420
1427
1433
1444
1459
1460
SegInfo: 63
8947848 0
6684927 0
6684927 0
6684927 0
16711884 0
221 0
221 0
221 0
10092288 0
10092288 0
56576 0
56576 0
56576 0
16777215 0
16777215 0
16777215 0
16777215 0
16777215 0
16777215 0
16777215 0
16777215 0
8947848 0
4473924 0
4473924 0
221 0
6684927 0
10092288 0
10092288 0
16777215 0
16777215 0
16777215 0
16777215 0
16777215 0
10092288 0
39423 0
12255232 0
16777215 0
16777215 0
8947848 0
13421772 0
13421772 0
13421772 0
13421772 0
13421772 0
13421772 0
13421772 0
13421772 0
13421772 0
13421772 0
13421772 0
13421772 0
10092288 0
39219 0
56576 0
16711884 0
39423 0
39423 0
39423 0
39423 0
12255232 0
12255232 0
12255232 0
12255232 0
nCount: 1461
51 235
57 235
63 235
69 235
75 235
81 236
87 236
92 235
97 236
103 236
108 237
114 237
120 237
124 235
131 235
136 236
142 236
148 236
154 236
160 236
165 237
172 237
176 239
183 239
189 239
194 238
200 238
206 238
212 238
218 238
225 238
232 238
238 237
244 237
250 237
256 237
263 237
270 237
277 237
283 237
289 237
296 237
303 237
309 237
315 237
321 237
327 237
333 237
339 237
345 237
351 237
357 237
363 237
369 237
375 237
381 237
386 238
392 238
398 238
404 238
61 227
62 222
63 217
64 212
65 207
66 202
67 197
69 193
70 187
71 182
73 178
74 173
77 170
78 165
81 162
84 158
86 154
89 151
93 149
96 146
100 144
104 142
108 140
114 140
120 140
126 140
133 140
139 140
145 140
151 140
156 141
161 140
158 137
157 132
154 129
149 128
144 129
139 130
136 133
133 136
140 126
144 123
148 121
152 119
158 119
163 120
169 121
173 124
177 126
182 127
187 128
191 130
195 132
199 134
203 136
207 138
212 139
217 140
222 142
226 144
231 145
236 146
240 149
245 150
249 152
253 154
257 156
260 159
263 163
265 168
266 173
268 177
270 181
271 186
271 192
273 196
274 202
274 208
274 214
274 220
275 225
63 228
69 228
74 229
80 229
86 229
91 230
97 230
102 229
108 229
114 229
120 229
126 229
136 229
141 230
147 230
153 230
159 229
165 229
170 228
175 229
182 229
187 230
194 230
201 230
207 230
212 231
219 231
225 231
231 231
237 231
244 231
250 231
257 231
263 231
269 231
275 231
276 226
105 153
100 154
96 156
93 160
90 163
87 167
86 172
86 178
89 181
95 181
98 178
101 175
104 171
106 167
107 162
108 157
103 155
271 162
274 165
278 167
282 169
286 171
290 173
294 175
298 177
302 180
306 182
308 186
310 190
310 196
312 200
313 205
313 211
314 216
313 221
313 227
309 229
303 229
297 229
291 229
315 186
319 188
324 189
329 190
333 192
338 193
343 194
347 196
349 200
350 205
351 211
351 217
353 221
351 227
348 230
343 231
337 231
331 231
326 230
358 198
364 198
370 198
377 198
383 198
388 199
392 201
397 200
400 203
402 208
402 214
403 219
403 225
402 230
397 231
391 231
386 232
381 231
375 231
370 230
364 229
133 192
140 192
145 191
151 190
157 189
163 189
169 189
176 189
182 188
188 188
185 185
179 184
174 182
169 181
174 180
180 180
186 180
192 180
197 181
203 181
208 182
214 185
220 186
227 186
232 188
238 188
244 188
250 189
255 190
259 192
264 193
133 194
139 194
144 195
150 195
156 195
161 196
167 196
173 196
179 196
185 197
192 197
198 197
203 198
207 200
213 200
210 197
206 195
202 193
200 189
205 190
210 192
215 193
221 194
227 194
233 195
238 196
244 196
249 197
254 198
259 199
264 200
268 198
266 194
281 198
286 199
291 200
295 202
300 203
305 204
307 208
304 211
299 210
295 208
290 207
321 207
327 207
332 208
337 209
341 211
360 214
366 214
372 215
377 216
384 216
388 218
394 218
177 140
178 145
181 148
186 149
185 144
183 140
178 139
280 177
280 183
282 187
284 191
289 192
295 193
299 195
298 190
296 186
292 184
290 180
285 179
322 196
322 196
329 200
329 200
339 202
339 202
362 208
362 208
362 208
362 208
52 231
58 231
64 231
69 230
75 230
82 230
88 230
95 230
101 230
107 230
113 230
119 230
126 230
132 230
138 230
144 230
151 230
157 230
163 230
169 230
176 230
182 230
188 232
195 232
200 234
210 234
216 234
222 234
228 234
234 234
244 236
250 236
256 236
262 236
268 236
274 236
280 236
286 236
292 236
300 236
306 236
312 236
317 235
322 234
328 233
334 232
341 232
348 232
354 231
360 231
366 231
371 230
376 229
382 228
388 228
395 228
400 227
187 189
184 192
182 196
180 200
179 205
179 211
180 216
183 219
186 222
190 224
194 226
199 225
202 222
203 217
205 213
205 206
204 200
203 195
201 191
199 187
194 186
190 188
337 191
334 195
332 199
331 205
331 211
331 217
333 221
335 225
341 225
345 222
347 218
348 213
348 207
348 201
347 196
344 193
84 218
89 217
95 216
102 215
108 215
115 214
121 214
127 214
133 214
140 214
146 214
152 214
159 214
165 214
170 213
173 210
173 204
174 199
176 195
178 191
181 188
184 185
187 182
196 179
201 180
205 182
207 186
209 190
212 193
213 198
213 204
214 209
219 210
225 211
230 210
236 210
242 210
249 210
255 210
261 210
267 210
273 210
279 210
286 209
292 211
297 212
303 212
308 213
313 215
318 214
323 213
327 211
327 205
327 199
328 194
329 189
332 186
336 184
342 184
346 186
349 189
352 192
354 196
356 200
358 204
358 210
357 215
358 210
358 204
358 198
356 194
355 189
352 185
351 180
347 178
344 175
339 173
335 171
331 169
327 167
323 165
320 162
318 158
316 154
314 150
311 147
308 143
305 140
301 138
296 137
290 136
284 136
277 135
270 135
266 133
259 133
253 132
247 132
242 131
235 131
229 131
225 129
219 129
215 127
208 127
202 127
196 127
190 128
185 130
181 132
177 134
170 139
166 141
161 143
158 146
155 149
152 152
149 155
145 157
142 160
138 162
133 163
128 165
123 166
118 167
113 168
109 170
105 172
100 174
97 177
93 179
89 181
85 184
82 187
79 190
76 193
73 196
69 200
68 205
67 210
68 215
72 217
79 217
88 212
87 207
91 205
96 204
102 204
107 203
112 202
117 203
123 203
128 204
135 204
140 205
144 207
156 163
160 161
169 159
175 159
181 159
187 159
192 160
197 159
202 160
209 160
214 161
219 162
223 160
225 156
226 151
227 146
230 143
227 140
222 139
217 138
211 137
206 136
200 136
193 136
188 138
183 139
237 163
237 157
238 151
239 145
243 143
249 144
255 144
261 143
266 144
272 144
279 144
285 145
291 145
295 147
298 150
298 156
294 158
289 160
284 161
278 161
272 161
266 161
261 162
255 162
250 163
244 163
282 176
287 175
293 175
98 185
97 190
95 194
91 197
86 198
81 199
83 195
162 186
155 186
151 189
149 193
147 197
149 201
155 202
159 200
163 197
164 192
165 187
165 187
165 187
53 236
59 236
65 236
70 235
80 232
85 230
89 228
92 225
96 223
100 220
105 219
111 220
115 222
120 224
124 226
128 228
133 230
139 230
145 230
150 228
154 226
158 224
163 222
167 220
171 218
176 220
179 223
183 225
188 228
192 230
196 233
202 234
209 234
212 231
218 230
224 227
226 223
230 221
233 218
239 217
244 218
249 219
253 221
257 223
260 226
265 228
270 230
275 231
281 231
285 229
289 226
294 224
299 223
303 221
308 222
313 223
319 226
323 229
327 231
332 232
338 233
345 233
350 231
353 228
357 225
361 222
367 221
372 222
377 224
384 224
388 226
391 229
394 232
397 235
147 224
148 219
147 213
148 208
149 203
149 196
149 190
149 184
148 179
148 173
147 167
146 162
145 157
144 152
142 147
141 142
140 136
139 131
137 126
135 122
133 118
131 114
129 110
129 104
127 100
126 95
124 88
120 84
119 79
116 75
114 71
112 66
110 61
107 57
105 53
103 49
101 45
98 41
95 37
93 33
90 36
87 40
84 43
81 46
78 49
75 52
72 55
69 58
67 62
67 68
67 74
67 80
68 85
70 89
71 94
72 99
74 103
76 107
78 111
83 116
85 120
88 123
90 127
93 131
96 134
99 137
102 140
105 143
108 147
112 150
115 153
118 156
121 160
124 163
127 167
130 171
134 174
136 178
139 182
141 186
144 189
146 194
148 198
150 203
100 34
105 35
109 37
113 39
117 41
122 43
127 45
131 47
135 49
141 52
145 54
149 56
153 58
158 60
162 62
166 64
171 66
177 67
183 69
190 69
194 71
198 73
202 75
206 77
210 79
214 81
217 84
220 87
223 91
225 95
227 99
229 104
230 109
231 114
232 119
235 122
239 124
242 127
246 129
251 130
255 133
260 135
266 136
270 139
275 140
279 143
283 145
289 145
292 148
297 149
302 150
306 152
311 153
316 154
321 156
328 158
333 159
337 161
336 166
335 171
333 175
331 179
329 183
326 187
324 191
322 195
320 199
318 203
316 208
315 213
315 219
163 59
163 53
168 52
173 53
179 53
185 53
192 53
199 53
205 53
210 54
216 54
222 54
226 56
233 56
240 57
246 57
252 57
259 57
265 57
271 58
275 60
280 61
286 61
291 62
291 68
291 74
291 80
291 86
291 92
291 99
291 105
291 111
291 117
291 123
291 130
291 136
292 141
292 61
297 62
303 63
307 65
311 67
316 68
320 70
324 72
327 75
331 77
335 79
339 81
340 86
340 92
339 97
334 98
330 100
328 104
327 109
326 114
326 120
326 126
326 132
326 138
326 144
327 149
182 88
180 93
179 98
179 104
181 108
183 113
187 111
190 105
190 99
190 93
188 89
185 86
328 153
332 151
334 147
336 143
339 139
340 133
344 129
345 123
347 119
349 115
351 111
354 115
355 121
359 125
361 129
363 134
366 138
340 138
344 136
349 135
353 133
357 131
150 55
148 50
147 45
144 39
143 34
141 30
139 26
137 22
136 17
131 18
127 21
124 24
119 26
115 29
82 42
80 38
78 34
76 30
73 27
72 22
71 17
68 20
66 24
63 28
60 31
57 35
181 62
186 63
196 65
202 65
215 65
221 65
226 66
237 68
243 68
260 70
266 70
266 70
266 70
81 218
91 218
95 216
101 216
106 214
111 213
115 211
119 209
124 207
130 208
136 208
140 211
144 209
147 206
151 202
155 200
159 197
164 194
168 192
174 191
178 189
182 187
188 187
199 187
205 187
215 189
221 189
227 192
233 192
239 192
247 195
253 195
257 197
260 201
263 204
266 201
269 197
271 193
276 192
282 192
286 194
290 196
295 193
301 193
308 193
315 193
323 195
329 195
333 199
338 201
346 203
354 205
360 205
366 208
370 212
374 214
377 217
382 218
388 219
391 222
394 226
396 230
395 235
392 239
387 240
381 240
375 239
369 237
363 235
359 233
355 230
352 233
349 236
346 240
342 242
336 242
329 242
323 242
317 241
311 240
300 240
294 238
288 235
282 233
274 231
268 229
263 230
260 233
253 233
249 231
245 229
243 225
242 230
240 235
238 239
235 242
231 244
226 245
220 245
214 244
208 242
200 241
192 238
186 236
182 232
178 230
172 228
169 222
163 220
162 215
158 218
155 222
151 224
145 222
141 220
136 219
130 219
126 221
122 223
118 225
113 227
107 230
103 232
97 232
91 232
87 230
83 226
79 223
75 221
69 218
63 216
193 184
189 182
184 180
180 178
176 176
172 174
162 171
160 167
155 166
151 164
147 162
143 160
138 158
134 155
130 153
126 151
123 148
119 146
116 143
112 140
109 137
106 134
103 130
101 125
98 122
95 118
93 114
91 110
90 105
89 100
88 95
89 90
91 86
94 83
97 80
102 79
107 77
113 77
118 75
124 75
130 75
135 76
141 76
146 77
151 78
156 80
162 82
167 83
171 85
176 86
181 87
186 88
191 89
197 90
202 93
206 95
210 97
214 99
217 102
221 104
226 106
230 109
233 112
237 114
243 116
247 118
252 119
256 121
263 122
266 125
271 127
276 129
280 132
284 134
288 137
292 139
296 141
300 144
304 147
308 149
312 152
316 154
321 155
325 157
330 159
335 161
339 163
343 165
347 167
351 169
355 171
358 168
358 162
359 156
361 151
361 145
362 139
362 133
364 126
365 120
365 114
366 109
367 104
369 100
371 95
373 91
376 88
382 89
387 90
389 94
389 100
389 106
390 112
390 119
390 125
390 131
390 137
390 143
390 149
389 155
389 161
389 167
389 173
389 179
390 184
390 190
390 196
390 202
389 207
385 209
380 210
375 211
131 161
127 163
121 163
116 165
112 167
108 169
102 170
98 172
96 176
91 179
87 181
85 185
81 187
81 193
87 193
94 195
100 195
106 195
111 196
116 197
122 197
126 199
133 199
139 199
145 198
251 155
261 155
267 155
273 155
280 155
284 157
290 157
296 157
302 157
308 157
314 157
320 158
326 158
332 158
338 158
344 158
350 158
356 158
363 159
370 159
376 161
382 161
387 162
392 163
396 165
399 168
396 171
392 173
386 174
382 176
376 179
372 181
365 183
361 185
355 186
349 187
344 188
339 189
333 189
327 190
322 191
97 93
101 91
105 89
111 89
116 90
121 91
125 94
130 95
134 97
137 94
137 88
136 83
179 106
179 112
182 115
186 113
186 107
184 103
180 105
204 114
204 120
207 123
212 121
211 116
208 113
205 116
230 126
229 131
231 135
235 137
238 134
239 129
236 126
257 139
256 144
259 147
263 145
264 140
261 137
153 195
150 192
145 190
140 189
135 188
131 186
125 186
121 189
118 192
118 198
121 201
346 197
343 194
339 191
333 189
329 186
325 184
321 181
317 178
311 177
306 176
299 176
293 177
289 180
285 182
283 186
283 186
283 186
Size: 424 245
