nFrames: 6
0
6
12
18
24
30
36
nSegs: 36
0
33
85
96
105
106
107
147
193
212
221
222
223
265
309
334
343
344
345
386
439
469
480
481
482
524
576
605
615
616
617
651
695
709
718
719
SegInfo: 36
12255232 0
6684672 0
6684672 0
16711884 0
16711884 0
16711884 0
12255232 0
6684672 0
6684672 0
16711884 0
16711884 0
16711884 0
12255232 0
6684672 0
6684672 0
16711884 0
16711884 0
16711884 0
12255232 0
6684672 0
6684672 0
16711884 0
16711884 0
16711884 0
12255232 0
6684672 0
6684672 0
16711884 0
16711884 0
16711884 0
12255232 0
6684672 0
6684672 0
16711884 0
16711884 0
16711884 0
nCount: 720
284 182
281 179
278 176
275 173
272 170
268 168
265 165
263 161
265 157
270 156
276 156
281 157
285 155
286 150
287 145
290 141
294 139
299 138
305 138
308 142
310 146
311 151
312 156
313 161
315 165
318 168
322 170
326 172
330 174
335 175
340 177
344 179
347 183
364 208
362 204
359 200
357 195
355 191
351 189
348 186
344 184
340 182
336 180
330 177
323 177
317 177
314 180
313 185
313 191
314 196
315 201
317 205
319 209
322 212
325 215
328 218
324 220
319 221
314 222
308 223
303 224
298 225
293 226
289 229
295 231
299 233
303 235
308 234
313 233
317 231
323 230
327 228
332 227
337 226
344 226
350 226
355 225
360 224
356 221
352 218
348 216
345 213
343 208
341 203
341 197
287 187
289 191
291 195
294 199
295 204
297 208
297 214
294 218
291 221
285 221
279 221
298 147
294 149
292 153
291 158
293 162
297 164
299 160
301 156
299 152
299 152
299 152
274 168
271 165
268 162
264 160
260 158
257 155
253 152
252 147
257 146
264 146
269 147
275 147
280 146
281 141
281 135
283 131
285 127
289 125
294 124
298 126
302 128
305 131
307 135
308 140
308 146
308 152
311 155
315 158
320 159
324 161
330 162
335 163
339 165
342 168
346 171
349 174
351 178
353 182
356 185
358 189
356 192
352 190
348 188
343 187
337 187
332 186
326 186
320 186
315 187
311 189
308 192
307 197
309 201
312 204
315 207
319 210
324 213
328 215
333 217
337 220
342 221
341 227
337 230
331 231
326 233
320 233
315 232
310 230
311 235
314 239
316 243
322 243
327 242
332 241
336 238
342 237
345 234
349 231
353 228
357 225
360 222
363 219
360 215
357 212
352 210
347 207
278 174
280 178
282 182
284 186
287 189
290 193
290 199
291 204
291 210
291 216
290 221
288 226
291 223
292 218
294 214
296 210
298 206
299 201
303 203
291 134
288 137
286 141
286 147
289 150
293 152
295 148
295 142
294 137
294 137
294 137
238 158
234 156
229 154
224 152
219 151
213 150
210 147
213 144
218 143
224 143
230 143
236 143
238 139
238 133
240 129
242 125
245 122
251 122
256 123
259 126
262 129
265 132
266 137
267 142
268 147
274 147
279 148
284 150
289 151
293 154
298 155
303 156
306 159
311 161
314 164
319 167
323 169
326 172
330 175
333 178
336 181
339 185
316 180
312 182
311 187
310 192
309 197
309 203
310 208
311 213
314 216
316 220
320 223
324 226
330 227
336 227
341 228
346 229
351 231
357 231
361 233
365 235
370 236
374 238
379 239
383 242
387 244
392 245
395 248
396 243
396 237
397 232
395 228
390 227
385 226
380 225
374 225
369 224
360 224
354 223
351 220
349 216
347 211
346 206
345 201
345 195
239 164
242 167
245 170
249 173
251 177
254 180
257 184
258 189
261 193
263 197
266 200
269 203
273 205
276 208
280 210
285 211
287 207
284 204
281 201
279 197
278 192
285 194
289 197
293 199
298 201
249 132
246 135
245 140
245 146
247 150
252 149
254 145
253 139
251 135
251 135
251 135
159 178
154 177
149 176
143 175
139 173
134 172
129 170
132 167
136 165
142 165
147 164
152 163
154 159
153 154
154 149
155 144
158 141
163 140
169 140
173 143
177 145
180 149
185 150
189 148
194 147
199 146
204 145
210 145
215 144
220 143
226 143
231 144
237 145
243 145
248 146
252 148
257 149
261 151
264 154
269 155
273 157
246 180
251 181
254 184
259 186
263 189
267 191
271 193
275 195
281 196
287 199
292 200
298 200
304 200
307 197
312 196
316 194
321 192
324 189
328 187
333 188
338 190
343 192
348 194
353 195
357 197
363 198
369 201
375 201
380 202
386 202
385 197
385 191
381 189
374 189
369 188
363 186
359 184
354 183
347 182
341 181
336 179
330 179
325 178
319 178
314 179
309 180
303 179
299 177
295 174
292 171
289 168
286 165
281 164
167 183
171 185
175 187
179 189
183 191
187 193
189 197
188 202
183 204
179 207
174 208
171 211
169 215
173 213
177 211
182 210
186 207
192 205
197 202
202 201
206 197
207 192
213 192
220 192
226 192
231 191
236 190
242 190
248 190
252 188
162 150
159 154
159 160
161 164
164 167
168 169
172 167
171 162
169 158
167 154
164 151
164 151
164 151
111 209
105 209
99 210
93 210
88 211
84 213
81 210
80 205
85 204
90 202
95 200
98 197
102 194
101 189
100 184
98 180
97 175
98 170
101 167
105 165
110 164
114 166
118 169
122 172
125 175
127 179
131 177
135 174
139 171
143 168
147 166
153 164
157 162
161 160
165 158
170 157
175 156
180 155
186 155
192 155
198 155
203 156
194 184
198 186
203 188
208 190
212 192
217 194
223 194
228 195
234 196
238 194
243 193
246 190
249 186
252 182
252 176
250 171
247 168
245 164
248 161
254 160
260 159
264 157
269 155
274 154
279 153
282 150
287 149
290 146
293 143
291 139
287 137
282 135
278 132
276 128
272 125
270 129
268 133
266 137
264 141
262 145
259 148
255 151
251 153
246 155
241 156
235 156
229 156
226 159
224 164
220 166
216 164
213 161
122 211
126 214
129 217
130 222
128 227
124 230
120 232
115 233
120 234
126 234
130 232
134 230
137 227
140 223
142 219
142 213
142 207
148 207
154 207
160 207
165 208
171 208
176 207
181 206
186 204
189 201
193 199
196 196
199 192
103 177
104 182
106 186
109 189
112 192
115 195
114 185
111 182
109 178
105 176
105 176
105 176
89 197
85 194
80 193
77 190
73 188
69 185
66 182
68 178
73 180
79 183
85 183
88 180
89 175
90 170
92 166
95 163
98 160
103 159
108 161
112 164
113 169
112 174
111 179
109 183
112 186
118 186
125 186
131 185
137 186
142 187
146 190
149 193
152 196
154 200
158 212
156 208
153 205
150 202
146 200
142 198
136 197
128 195
124 193
117 193
113 195
113 201
113 207
115 211
118 214
120 218
124 221
127 224
130 227
134 229
138 232
131 232
126 231
120 231
114 231
108 231
102 231
97 232
92 234
92 240
93 246
102 245
107 244
113 244
119 241
125 241
131 241
137 240
143 240
148 239
153 238
152 233
153 228
158 227
90 202
93 205
97 208
99 212
100 217
100 223
97 226
93 229
88 230
83 232
78 234
74 236
77 239
82 240
98 170
95 173
93 177
92 182
93 187
98 186
100 182
101 177
100 172
100 172
100 172
Size: 417 248
