nFrames: 8
0
7
14
19
24
31
38
43
51
nSegs: 51
0
237
286
340
347
351
352
353
626
680
739
748
753
754
755
846
949
955
956
957
1043
1133
1137
1138
1139
1277
1343
1365
1378
1382
1383
1384
1518
1566
1586
1609
1611
1612
1613
1711
1819
1823
1824
1825
1938
2049
2052
2054
2066
2072
2073
SegInfo: 51
6684927 0
221 0
16711884 0
16777215 0
16777215 0
16777215 0
16777215 0
6684927 0
221 0
16711884 0
16777215 0
16777215 0
16777215 0
16777215 0
16711884 0
6684927 0
16777215 0
16777215 0
16777215 0
16711884 0
6684927 0
16777215 0
16777215 0
16777215 0
8947848 0
16777215 0
16777215 0
221 0
10092288 0
10092288 0
10092288 0
8947848 0
16777215 0
16777215 0
221 0
10092288 0
10092288 0
10092288 0
4473924 0
16777215 0
10092288 0
10092288 0
10092288 0
4473924 0
16777215 0
10092288 0
10092288 0
10092288 0
10092288 0
10092288 0
10092288 0
nCount: 2074
254 85
250 82
246 80
241 82
238 85
235 88
232 91
229 94
227 98
225 102
223 106
220 109
218 113
216 117
213 120
211 124
208 127
204 129
201 132
197 135
193 137
188 138
183 137
177 136
171 135
167 133
163 131
159 129
154 126
149 125
144 124
137 124
131 124
126 126
123 129
119 131
116 135
112 137
107 139
102 140
96 140
93 137
86 136
82 134
78 131
80 136
84 138
87 141
93 143
97 145
101 147
106 148
111 149
117 148
121 146
125 144
129 142
133 139
138 137
144 137
150 138
154 140
159 142
163 144
167 146
172 147
177 149
182 150
188 150
194 150
188 151
183 152
178 153
174 155
170 157
167 160
165 164
162 168
159 172
156 175
153 178
149 180
145 182
141 184
135 184
129 184
123 184
117 184
111 187
107 189
102 191
98 194
94 197
91 201
90 206
89 211
87 215
86 220
89 217
92 214
94 210
97 207
100 204
104 202
108 200
114 198
117 195
125 193
131 193
137 193
143 193
149 194
155 194
161 193
165 189
168 185
172 181
175 178
177 174
179 170
183 167
188 166
194 164
199 163
203 161
207 159
211 157
207 160
204 163
201 167
199 171
199 177
200 182
201 188
201 194
200 199
197 203
194 206
188 208
184 210
178 210
172 210
167 211
163 214
159 217
156 221
155 226
153 230
149 232
145 234
139 234
134 232
132 228
132 222
134 217
129 215
125 217
123 221
121 226
122 231
124 235
127 238
131 240
134 244
140 245
146 245
151 244
155 242
158 239
161 236
164 233
167 230
169 226
174 224
183 223
189 223
195 222
200 221
204 219
207 215
209 210
212 207
215 203
216 198
216 192
217 186
218 181
220 177
222 173
225 170
228 167
232 165
233 170
233 176
235 180
237 184
239 188
240 193
241 198
240 203
238 207
235 210
232 213
229 216
227 220
227 226
229 230
232 233
237 234
244 235
251 235
257 235
263 235
268 233
272 230
275 227
276 222
278 218
273 219
270 222
266 224
259 224
252 224
246 224
244 220
246 216
249 213
252 210
254 206
256 202
256 196
256 188
254 183
254 177
253 172
253 166
254 161
251 100
254 97
257 94
260 91
263 88
265 84
266 79
269 82
272 86
274 90
276 94
279 97
283 100
287 102
292 103
297 105
303 105
309 106
315 106
321 106
328 107
333 108
338 109
342 112
346 114
349 117
352 120
354 124
357 127
359 131
362 135
365 138
367 142
365 146
360 147
357 150
354 153
351 156
347 158
345 162
342 165
338 167
334 169
329 170
323 170
317 170
311 169
307 167
302 165
257 161
258 166
258 172
260 177
263 180
266 184
270 186
272 190
276 192
283 193
289 194
294 195
300 195
306 194
312 194
318 192
322 190
328 189
332 187
337 186
342 185
347 186
351 188
357 188
360 191
366 193
372 193
378 193
383 192
387 189
392 185
395 181
397 177
394 180
390 183
386 185
381 186
377 184
372 183
368 181
363 178
358 177
352 177
346 177
339 177
334 176
329 177
324 178
318 178
312 178
307 177
303 174
301 170
301 164
259 109
263 107
268 106
272 104
272 110
269 113
264 112
228 96
222 96
220 100
223 103
223 103
223 103
260 99
257 96
254 93
250 91
247 94
246 100
245 105
242 109
240 113
238 117
235 120
233 124
231 128
229 132
226 136
223 139
220 143
217 146
213 148
210 151
205 152
202 155
196 158
191 160
185 161
180 162
173 164
167 164
162 163
157 161
152 160
147 156
143 154
140 150
136 147
134 143
131 139
129 134
128 129
128 123
127 118
125 113
122 110
119 107
116 104
112 102
107 100
101 100
95 100
91 102
89 106
86 109
84 113
82 117
80 122
83 119
87 116
91 114
94 111
99 110
105 110
108 113
111 117
113 121
116 124
118 129
118 135
120 139
122 145
124 149
125 155
128 159
130 163
133 166
138 169
141 172
145 174
150 175
155 176
161 176
166 177
173 176
179 176
173 179
167 179
163 181
158 182
152 184
147 186
142 187
136 190
131 192
126 193
120 194
114 194
110 196
104 196
98 194
92 194
88 192
84 190
82 186
81 181
82 176
84 171
87 168
91 170
91 176
89 180
93 178
96 175
99 172
99 165
97 160
95 156
89 155
83 156
79 158
76 161
74 165
72 171
70 176
70 182
71 188
73 192
75 196
78 199
82 201
86 203
90 205
95 206
102 206
106 208
118 208
128 208
134 208
140 208
146 208
152 208
158 208
165 208
171 206
177 204
181 202
185 200
188 197
192 194
195 191
198 188
196 192
193 195
189 197
187 201
185 205
182 208
181 213
182 218
184 222
187 225
191 229
195 231
200 233
206 235
210 237
216 239
222 239
228 239
234 238
240 238
244 236
249 235
254 232
257 229
258 223
257 218
255 214
252 211
248 209
243 208
237 208
231 208
226 209
221 210
216 212
211 213
206 212
201 211
205 213
209 215
214 216
220 216
225 217
231 217
237 217
241 219
240 225
234 226
228 226
222 226
217 225
212 224
207 223
204 220
201 217
199 213
198 208
199 203
203 200
207 198
211 196
217 194
221 192
227 192
233 192
239 192
244 194
248 196
252 198
256 202
260 204
262 208
265 211
268 214
271 217
275 221
278 224
281 227
284 230
289 231
293 233
299 234
303 236
309 236
315 238
319 240
325 240
331 240
335 242
342 242
348 242
354 242
360 243
366 243
372 243
377 242
382 241
387 239
381 239
375 239
371 237
365 237
359 235
353 235
349 233
343 232
338 231
333 230
326 230
321 229
317 227
313 225
306 224
302 222
296 220
292 218
288 216
283 215
278 213
274 209
272 205
268 202
266 198
264 194
262 116
265 113
268 109
270 105
272 101
273 96
275 92
276 87
276 93
278 97
281 100
285 102
290 103
295 104
302 105
306 107
312 108
318 109
322 111
328 113
334 115
340 115
346 118
350 122
356 124
360 128
365 130
371 131
374 135
378 137
381 140
384 144
388 147
390 151
392 155
388 158
383 163
381 167
379 171
375 175
372 178
369 182
365 184
361 186
356 187
351 188
346 189
340 189
334 189
327 189
321 189
315 188
311 186
306 185
302 178
299 175
300 181
303 184
306 187
310 190
313 193
317 195
321 197
327 199
333 199
337 201
343 201
351 201
357 200
362 198
365 195
368 192
371 189
375 187
379 184
384 185
388 188
390 192
392 196
393 201
391 206
390 211
387 214
383 216
377 217
373 220
367 220
368 215
372 213
375 210
377 206
376 201
372 203
369 206
363 207
358 209
355 212
351 214
346 215
340 214
334 212
328 212
322 211
318 209
312 207
307 206
303 204
298 203
292 202
288 200
284 198
277 196
273 194
273 122
277 120
282 118
285 115
289 113
288 118
286 122
281 121
277 119
244 111
238 111
232 111
231 116
235 118
235 118
235 118
228 45
225 42
221 40
216 39
212 41
211 46
211 52
207 54
203 57
200 60
196 62
193 65
190 69
186 71
182 74
178 76
174 79
170 81
166 83
162 86
156 84
153 81
148 82
147 87
149 92
152 95
155 98
159 96
163 94
168 93
172 91
177 90
180 87
184 85
188 83
193 82
197 80
202 79
207 78
212 77
217 76
222 77
221 82
219 87
218 92
215 95
213 99
211 103
209 108
207 113
207 119
207 125
207 131
209 135
211 139
214 142
217 145
222 147
226 149
233 149
239 149
245 149
250 151
256 155
260 157
264 159
266 163
269 166
270 171
270 177
269 182
267 186
265 190
262 193
259 196
255 198
250 199
244 199
239 198
235 196
232 193
230 189
228 185
230 181
232 176
236 173
243 173
247 175
248 180
247 185
242 186
243 190
248 189
252 187
254 183
255 178
253 174
251 170
248 167
244 165
239 164
234 165
228 167
224 169
220 171
219 176
217 180
217 186
217 192
219 196
221 200
224 203
228 206
232 208
236 210
242 210
247 211
252 210
258 210
263 209
268 207
271 204
273 200
275 196
277 192
279 188
280 183
280 177
280 171
280 165
279 160
276 157
274 153
272 149
269 146
268 141
267 136
268 131
272 129
269 126
267 122
269 118
273 116
278 115
283 114
278 113
272 112
268 110
265 107
266 102
268 98
271 95
275 93
280 92
274 92
267 92
263 89
259 87
258 82
258 76
261 73
264 70
268 68
273 67
269 69
264 70
259 69
255 67
254 62
256 58
259 54
262 51
264 47
268 44
265 47
261 50
256 51
251 50
248 46
247 41
247 35
249 31
250 26
247 30
244 33
242 37
238 39
233 38
231 34
228 31
226 27
224 23
223 29
223 35
221 50
220 55
224 57
228 55
226 51
221 50
221 50
221 50
218 45
218 39
216 35
212 32
207 31
204 34
202 38
200 42
198 46
192 46
186 46
180 46
175 47
169 47
162 47
157 48
151 48
145 48
143 44
143 38
138 39
135 42
134 47
134 53
136 57
141 58
146 59
152 59
158 59
163 58
168 59
174 59
181 59
186 60
191 61
196 62
199 65
201 69
202 74
202 80
199 83
196 87
194 91
191 94
190 99
189 104
188 109
187 114
187 120
188 125
189 131
190 136
192 140
194 144
197 147
202 149
207 153
211 155
215 158
219 161
222 164
223 169
224 174
224 180
223 185
221 190
219 194
218 199
218 205
219 210
220 215
223 218
226 221
229 224
233 226
237 228
243 230
249 230
255 230
260 229
264 227
267 222
271 218
272 213
274 208
274 202
273 199
271 203
269 207
266 210
263 213
260 216
256 218
250 219
245 218
241 216
237 214
236 209
236 203
235 198
235 192
236 187
237 182
239 177
242 174
245 171
244 166
242 162
244 157
246 153
249 150
253 148
248 147
243 146
241 142
243 136
246 132
249 129
253 127
258 124
263 123
267 121
273 119
266 119
260 119
256 117
249 117
245 115
243 111
244 105
248 102
253 98
259 95
263 93
268 92
261 92
255 92
250 91
246 89
243 86
244 81
246 76
249 73
252 70
256 68
261 67
265 65
261 67
256 69
250 69
243 69
238 68
235 65
234 60
237 56
240 53
244 50
248 48
252 46
256 43
258 39
261 36
257 38
253 40
250 43
244 43
238 43
236 39
236 33
237 28
237 22
233 24
231 28
228 32
225 35
221 37
212 48
209 51
211 55
214 52
214 52
214 52
94 124
91 121
88 118
85 115
82 112
78 109
74 106
70 104
68 100
72 98
76 96
80 94
84 92
88 90
92 88
97 87
101 85
106 84
112 83
118 83
124 83
129 81
134 80
140 80
146 79
152 79
158 79
163 78
169 78
176 78
182 78
186 76
192 76
198 76
202 73
205 70
207 66
210 63
212 59
215 56
218 52
221 49
224 46
227 43
230 40
233 37
238 34
242 32
246 30
250 28
249 33
247 37
246 42
241 50
240 55
239 60
237 64
237 70
236 75
242 78
249 78
255 78
262 78
268 78
274 79
279 80
285 81
290 82
295 83
300 84
305 85
311 85
318 87
323 88
328 89
335 89
341 89
347 89
352 88
357 87
361 85
365 81
369 79
372 74
374 70
376 66
377 61
379 57
380 52
383 48
386 44
389 41
393 38
397 35
397 41
396 46
394 50
392 55
390 60
390 66
388 70
387 75
386 80
385 85
385 91
385 97
385 103
385 109
386 114
387 120
388 125
389 130
392 134
388 131
385 128
382 125
378 123
375 120
372 117
368 115
365 112
361 110
357 108
353 106
347 106
342 107
337 109
332 110
328 112
323 114
328 115
332 117
337 118
333 120
326 120
320 120
314 120
308 120
104 130
108 132
113 133
118 135
123 136
128 137
134 138
140 141
146 141
151 142
157 142
163 142
169 142
176 142
182 142
188 142
194 142
199 141
205 141
210 142
216 142
220 144
226 144
231 145
236 146
242 146
248 147
252 149
258 150
263 151
269 151
274 152
280 153
286 154
292 156
298 156
303 157
309 157
313 159
319 160
314 157
310 155
306 152
301 151
297 149
292 148
287 147
282 146
278 144
273 143
269 141
262 138
256 136
252 134
247 133
250 130
256 130
261 129
270 129
275 128
279 126
284 125
288 123
293 122
297 120
302 119
141 142
136 143
132 145
128 147
124 149
119 151
114 153
109 155
105 157
102 160
107 159
113 159
117 157
122 156
127 154
132 152
137 151
141 149
146 148
151 146
157 145
162 144
99 125
98 120
102 122
108 122
112 124
112 118
116 120
120 122
125 123
129 125
127 121
133 121
138 122
106 94
111 95
113 91
108 92
108 92
108 92
97 108
96 103
93 99
91 95
89 91
87 87
84 84
82 80
81 75
85 73
91 72
96 73
102 73
108 73
115 73
119 75
125 75
131 75
137 76
143 76
149 75
156 75
165 75
171 75
177 75
183 74
188 73
195 73
199 71
205 71
208 68
211 65
214 62
217 59
220 55
223 52
226 49
228 45
231 41
234 38
237 35
240 32
243 29
247 26
250 23
254 21
257 18
255 22
254 27
252 32
250 37
249 42
247 46
246 51
244 55
243 60
241 64
239 68
242 71
248 71
253 72
259 73
266 73
272 73
278 74
284 74
289 76
295 76
308 77
314 80
320 80
326 80
332 80
337 79
342 78
347 77
351 75
353 71
357 68
360 64
362 60
364 56
367 53
369 49
372 45
375 42
378 38
381 35
384 32
388 29
386 33
385 38
383 44
382 50
381 56
377 61
375 65
373 70
371 74
370 79
369 84
371 88
372 93
374 97
376 101
379 105
381 110
383 114
385 118
381 116
377 114
373 112
370 109
366 107
363 104
360 101
356 99
352 97
347 98
342 99
338 101
332 101
327 102
322 103
328 105
332 107
336 109
333 112
327 112
321 112
315 112
310 113
306 115
302 117
124 131
129 133
134 134
139 135
144 136
155 136
164 136
170 136
177 136
183 136
189 136
195 136
200 135
205 134
215 134
222 134
228 134
232 136
239 137
244 139
248 141
252 143
257 144
262 145
266 148
270 150
276 152
282 153
288 154
293 155
299 155
295 152
290 150
286 148
282 145
278 143
273 142
269 140
265 138
261 136
264 133
269 131
273 129
277 127
281 125
285 123
289 121
295 121
171 137
167 139
163 142
159 144
156 147
152 149
150 153
147 156
151 154
155 152
160 151
164 149
170 149
174 147
179 146
184 145
188 142
192 139
196 137
199 134
102 111
104 106
106 102
109 105
113 107
117 109
118 104
121 107
125 109
129 111
131 107
134 110
136 114
138 118
142 121
137 122
133 120
131 125
134 128
130 126
124 125
120 123
116 125
117 82
124 82
124 82
124 82
68 86
70 82
74 80
79 79
83 77
88 76
93 75
98 74
103 73
108 72
113 71
119 71
124 70
130 69
135 68
140 67
146 67
151 66
157 66
162 65
167 66
173 66
179 66
184 67
189 68
196 68
202 68
208 68
215 68
221 68
227 70
234 70
240 71
245 72
251 74
257 75
262 76
266 78
272 79
278 80
283 81
288 82
293 83
299 83
305 84
310 83
314 81
319 80
322 77
324 73
326 69
327 64
322 65
316 64
311 63
307 60
303 57
300 54
298 50
295 46
294 41
293 36
291 31
289 27
286 24
291 25
296 26
302 26
307 27
313 27
318 28
323 29
327 31
331 33
335 35
338 38
341 35
344 32
348 30
353 28
359 28
365 28
371 28
376 27
379 24
384 23
384 29
384 35
383 40
381 44
379 48
376 51
374 55
370 57
366 60
362 62
357 64
352 65
354 68
352 72
351 77
349 81
348 86
347 91
346 96
344 100
342 104
339 107
334 114
331 117
328 121
326 125
322 128
319 131
316 135
313 138
309 140
305 142
301 145
297 148
292 149
287 151
283 154
278 156
273 158
269 160
264 161
260 163
256 165
251 166
246 167
242 169
245 172
249 174
254 175
258 178
255 181
249 181
243 180
238 179
233 178
229 176
225 174
221 176
215 176
209 176
203 176
198 177
192 177
187 178
180 177
175 176
169 176
163 176
159 174
154 173
149 172
144 174
140 176
137 179
132 181
128 183
127 178
128 173
130 169
127 166
122 164
118 162
114 160
111 157
106 155
102 153
99 150
96 146
93 143
89 141
86 137
83 134
80 130
78 126
76 122
75 117
74 112
72 108
70 104
69 99
70 94
75 93
80 94
86 94
91 95
95 98
101 98
107 100
112 102
117 103
121 105
126 106
130 108
135 109
141 110
147 110
153 112
159 112
164 111
167 108
154 101
156 105
160 103
157 100
157 100
157 100
70 73
72 69
76 67
80 65
85 64
90 63
96 62
102 62
107 61
114 61
120 61
125 60
131 60
137 59
144 57
150 57
156 57
162 57
168 57
174 57
180 57
187 57
193 57
199 57
204 58
210 58
216 58
222 58
228 58
235 58
241 59
247 59
252 61
259 61
265 62
271 63
277 64
282 65
286 67
290 69
296 70
301 71
307 72
312 75
318 76
323 79
327 81
331 84
336 85
340 87
343 90
347 92
351 94
353 98
356 102
358 106
361 109
364 112
366 116
368 120
369 125
371 129
372 135
372 141
373 146
377 148
382 149
385 152
389 155
392 158
395 162
397 167
398 172
399 177
400 182
400 188
400 194
399 199
399 205
396 202
393 199
390 195
387 192
383 190
380 187
376 185
372 183
368 181
364 179
361 176
358 180
354 183
349 184
345 186
341 188
336 189
332 192
328 195
326 199
323 202
320 199
319 194
319 188
319 182
320 176
321 171
323 167
326 163
328 159
331 156
334 153
338 151
342 149
345 148
341 146
337 144
332 143
327 142
323 144
318 146
312 147
308 149
304 151
299 154
295 156
291 159
287 162
282 164
277 166
267 169
263 171
259 173
254 175
257 178
261 180
257 182
251 182
246 181
241 179
237 177
231 177
225 177
216 177
210 177
204 177
198 177
192 177
183 178
176 178
171 177
164 177
159 176
155 178
151 180
147 182
143 185
138 186
139 181
140 176
142 172
136 171
131 169
125 168
120 167
116 165
111 164
107 162
103 160
99 157
96 154
93 151
90 148
87 145
84 142
81 139
79 135
78 130
76 126
75 121
74 116
73 111
72 106
73 101
73 95
76 92
82 92
88 92
94 92
99 93
106 93
111 94
115 96
120 98
126 99
130 101
135 102
140 104
144 107
149 108
154 109
159 110
164 109
168 107
172 104
167 103
161 103
155 102
150 101
146 99
142 97
137 96
133 94
129 92
125 90
121 88
117 86
112 84
108 82
103 81
99 79
93 79
87 79
81 79
75 79
162 94
167 93
164 90
162 89
158 91
146 53
146 47
146 41
145 36
145 30
144 25
142 21
140 17
134 17
131 20
127 23
125 27
149 22
152 19
157 18
161 20
164 23
167 26
167 26
167 26
Size: 420 245
