nFrames: 11
0
11
20
28
36
44
53
62
70
78
86
94
nSegs: 94
0
20
66
94
115
133
140
147
153
160
161
162
186
234
260
279
297
345
392
393
394
419
445
470
484
502
551
552
553
575
607
623
641
659
686
687
688
709
748
773
793
816
852
853
854
876
912
934
950
966
979
992
993
994
1015
1048
1070
1089
1106
1119
1131
1132
1133
1153
1189
1203
1222
1240
1256
1257
1258
1282
1316
1341
1356
1371
1391
1392
1393
1416
1461
1489
1508
1525
1618
1619
1620
1642
1676
1695
1712
1731
1810
1811
SegInfo: 94
6684927 0
6684927 0
6684927 0
6684927 0
6684927 0
16777215 0
16777215 0
16777215 0
16777215 0
16777215 0
16777215 0
6684927 0
6684927 0
6684927 0
6684927 0
6684927 0
16777215 0
16777215 0
16777215 0
16777215 0
6684927 0
6684927 0
6684927 0
6684927 0
6684927 0
16777215 0
16777215 0
16777215 0
6684927 0
6684927 0
6684927 0
6684927 0
6684927 0
16777215 0
16777215 0
16777215 0
6684927 0
6684927 0
6684927 0
6684927 0
6684927 0
16777215 0
16777215 0
16777215 0
6684927 0
6684927 0
6684927 0
6684927 0
6684927 0
16777215 0
16777215 0
16777215 0
16777215 0
6684927 0
6684927 0
6684927 0
6684927 0
6684927 0
16777215 0
16777215 0
16777215 0
16777215 0
6684927 0
6684927 0
6684927 0
6684927 0
6684927 0
16777215 0
16777215 0
16777215 0
6684927 0
6684927 0
6684927 0
6684927 0
6684927 0
16777215 0
16777215 0
16777215 0
6684927 0
6684927 0
6684927 0
6684927 0
6684927 0
16777215 0
16777215 0
16777215 0
6684927 0
6684927 0
6684927 0
6684927 0
6684927 0
16777215 0
16777215 0
16777215 0
nCount: 1812
218 79
215 76
209 76
206 79
204 83
203 88
203 94
204 99
207 103
210 106
214 108
219 109
224 108
227 105
230 102
231 97
230 92
228 88
225 84
222 81
226 107
230 109
234 112
237 115
240 118
242 122
246 124
249 128
252 131
255 134
259 138
261 142
264 145
266 149
269 152
271 156
272 161
271 166
268 169
265 172
261 174
256 176
250 176
245 177
239 177
235 179
229 180
223 180
217 180
219 184
222 187
225 190
230 194
233 197
236 201
239 204
242 207
246 210
249 213
252 216
256 219
259 222
256 225
249 225
243 225
237 225
274 161
277 165
280 169
283 172
285 176
288 179
291 182
295 185
298 188
302 191
307 192
311 194
315 196
319 198
323 201
327 204
333 205
338 206
343 207
347 209
353 211
358 212
362 214
366 216
363 219
357 219
351 219
345 219
239 117
235 120
231 122
226 124
221 125
216 126
212 128
206 128
202 130
196 131
190 131
185 132
179 132
174 131
176 127
180 125
185 124
189 122
193 120
197 118
201 116
242 118
247 120
252 121
257 122
262 123
266 125
269 128
273 131
276 135
279 138
282 141
285 144
289 147
292 151
295 154
298 157
302 161
304 165
239 229
236 232
238 236
242 238
245 235
244 230
239 229
257 229
254 232
256 236
260 238
264 236
265 231
262 228
347 224
344 227
346 231
350 233
352 229
351 224
364 224
361 228
363 232
368 233
371 230
371 224
366 223
366 223
366 223
176 82
173 86
173 92
174 97
177 101
178 106
181 109
185 111
189 113
194 114
200 113
204 111
208 108
209 103
209 97
208 92
205 88
202 85
198 82
194 80
189 79
183 79
178 80
174 82
213 103
216 99
219 96
223 93
228 91
232 89
236 87
242 86
247 85
251 83
257 83
263 83
269 84
274 85
278 87
282 89
285 92
289 94
293 97
295 101
298 104
298 110
297 116
294 119
291 122
288 125
285 128
282 131
278 134
275 138
272 142
269 145
267 149
264 152
263 157
261 161
261 169
259 173
259 180
259 186
257 190
257 196
257 202
255 207
255 213
250 212
246 210
243 207
295 118
290 117
284 118
279 119
273 119
268 120
263 121
258 122
255 125
249 126
245 128
241 130
238 133
234 135
236 140
239 143
242 147
244 151
247 154
249 159
252 163
253 168
255 172
256 177
253 180
247 180
214 103
213 108
212 113
212 119
211 124
209 133
208 138
207 143
205 147
202 150
198 152
194 154
188 152
185 149
182 146
179 142
178 137
176 132
174 128
212 104
216 109
218 113
221 117
222 122
222 128
222 134
222 141
221 146
218 149
212 147
208 145
204 143
200 141
198 137
195 134
193 129
191 125
195 180
194 175
192 171
190 167
187 163
184 159
181 156
177 154
172 153
167 152
160 152
155 153
151 155
147 157
143 159
139 161
137 165
135 170
132 173
131 178
129 182
127 186
127 192
128 197
129 202
131 206
133 210
135 214
138 217
142 219
146 222
150 224
154 226
159 228
165 229
170 228
174 225
179 223
184 221
188 219
190 215
193 211
194 206
195 200
195 194
197 190
198 185
197 180
319 149
313 149
307 149
303 151
299 154
295 156
291 159
287 162
285 166
283 171
281 175
278 179
277 184
277 191
277 197
277 203
278 208
281 213
284 216
287 220
291 223
295 225
299 227
304 228
309 229
315 229
322 229
331 227
335 225
339 222
342 219
344 215
346 211
346 205
347 199
347 193
347 187
348 181
348 175
346 170
343 164
341 160
339 156
335 153
330 152
325 151
320 150
320 150
320 150
206 71
203 74
200 78
198 82
197 87
196 92
196 98
198 102
201 105
204 108
208 110
214 110
217 107
220 102
222 98
223 89
225 85
225 79
225 73
223 68
219 66
215 64
210 66
206 68
204 72
213 112
209 115
208 123
204 127
201 136
200 141
198 145
198 151
197 156
197 162
196 167
196 173
196 179
197 185
197 191
197 197
198 202
199 208
201 214
201 220
202 225
204 229
206 233
202 235
197 237
192 236
197 153
197 159
198 164
199 170
202 174
204 179
206 183
208 187
211 190
213 194
216 197
218 201
221 205
224 208
227 211
230 214
233 217
237 221
242 224
246 227
249 230
252 233
245 233
239 233
233 233
207 120
202 121
196 121
190 121
184 121
180 119
174 119
168 119
162 119
153 119
147 119
141 118
135 118
129 118
208 122
214 122
220 122
225 121
231 120
238 120
243 119
248 118
253 117
257 114
261 112
265 110
259 108
252 108
246 108
241 107
236 108
230 108
179 30
182 34
185 37
185 43
182 46
179 50
176 53
173 56
170 59
166 62
162 64
159 67
156 70
152 72
148 75
145 78
141 81
138 84
136 88
133 92
130 95
129 100
126 104
125 109
125 115
125 121
126 126
127 131
129 137
130 142
132 146
135 150
137 154
140 158
144 161
148 164
151 167
154 171
157 174
160 178
165 180
169 183
172 186
176 188
179 191
181 195
180 200
177 203
172 204
172 204
172 204
210 66
205 69
203 73
200 77
200 83
201 88
203 92
205 96
208 99
212 101
217 102
221 99
224 96
226 92
227 87
229 83
229 77
227 73
224 70
221 67
217 65
212 66
216 102
219 105
222 109
224 113
227 117
230 120
233 124
235 128
237 133
238 139
238 145
239 150
238 155
237 161
236 167
234 171
233 177
230 181
228 185
225 189
222 193
217 194
213 196
209 199
204 200
199 201
194 202
188 202
182 203
177 204
177 210
178 216
239 154
240 160
241 165
242 170
243 175
244 180
245 186
245 192
245 198
245 205
245 211
244 216
242 220
237 221
231 221
226 220
224 112
228 110
233 108
238 104
242 102
245 98
248 94
249 89
251 84
251 78
250 73
248 69
245 65
241 63
236 60
232 58
226 58
221 56
225 113
229 111
237 111
243 110
248 109
252 107
258 105
263 102
266 99
269 95
271 91
272 86
271 81
270 76
268 72
266 68
265 63
263 58
266 54
260 54
255 56
249 56
244 57
238 58
232 58
226 58
220 58
214 58
207 59
200 60
194 61
188 62
182 62
177 63
171 63
166 64
161 65
154 66
150 69
147 73
146 78
149 81
154 80
155 75
154 70
154 70
154 70
200 71
198 75
196 79
196 85
196 91
198 95
201 98
203 102
206 105
212 105
215 102
219 100
221 96
223 91
222 86
220 82
218 78
215 74
212 70
207 69
201 70
216 103
222 104
228 105
233 106
237 108
241 111
246 113
250 115
254 118
258 120
261 123
265 125
268 128
270 132
272 136
273 141
273 148
272 153
271 158
268 161
265 164
263 168
260 171
256 174
253 177
249 180
246 183
243 186
240 189
237 193
235 197
235 203
236 208
237 213
238 218
240 223
242 227
237 228
232 229
274 145
275 150
276 155
278 160
280 165
282 170
284 174
285 179
287 183
288 188
291 192
294 195
298 198
302 201
306 203
309 206
315 207
321 209
325 211
329 213
333 215
336 218
329 218
323 218
317 218
228 105
229 110
232 114
234 118
236 122
237 127
238 132
237 137
234 141
231 144
228 147
224 149
220 152
216 154
210 154
207 157
202 158
197 160
193 162
188 163
227 108
225 112
223 117
222 122
219 126
217 130
214 136
210 138
208 142
205 145
202 148
198 151
194 153
191 156
187 158
182 161
178 164
174 166
171 169
167 172
163 175
159 178
154 179
190 162
186 165
181 167
177 170
172 172
168 175
163 177
157 177
153 179
149 182
145 185
141 188
136 189
132 191
128 193
125 196
121 198
116 199
112 201
108 203
105 206
100 208
95 209
90 210
85 211
78 211
74 213
69 214
71 219
77 219
82 220
88 220
92 218
97 216
100 213
102 209
102 209
102 209
201 84
198 88
198 94
199 99
200 104
203 108
205 112
209 114
214 115
219 113
222 110
224 106
225 101
225 95
224 90
223 84
221 80
217 78
211 77
206 78
202 80
197 82
222 110
225 113
229 116
231 120
234 124
237 127
239 131
242 134
244 138
246 142
248 146
249 151
250 156
250 163
249 168
245 171
240 174
236 176
232 178
228 180
224 182
220 185
216 187
212 191
208 193
205 197
202 202
200 206
198 210
196 214
195 219
195 225
195 231
192 234
186 234
180 234
252 164
259 164
263 166
268 167
272 169
278 170
285 172
289 174
295 176
301 176
306 177
311 176
315 173
318 170
319 165
319 159
319 153
319 147
318 142
320 138
325 140
331 141
229 114
226 117
222 119
218 123
214 126
210 130
206 133
202 138
198 140
194 142
189 144
184 146
178 149
173 150
167 150
162 149
228 116
234 116
240 115
246 114
252 114
257 115
262 116
266 118
271 121
275 125
277 130
279 134
282 137
285 140
287 144
289 148
190 230
185 229
180 228
175 229
174 234
178 236
183 237
188 238
194 238
199 237
203 235
202 230
201 225
325 145
329 147
335 147
338 144
338 138
334 136
329 135
323 134
318 132
313 133
311 137
310 142
311 147
311 147
311 147
235 67
231 69
228 72
225 76
224 81
222 86
222 92
223 97
226 100
231 102
237 102
241 99
244 96
247 92
248 87
250 83
248 79
246 73
243 70
240 67
234 66
240 102
243 106
245 110
246 115
248 120
249 126
250 131
252 135
252 141
253 146
252 151
251 156
249 160
246 164
244 168
241 171
239 175
237 179
234 182
232 187
228 190
227 196
225 200
228 204
231 207
233 211
236 214
239 217
242 221
244 225
247 228
243 230
237 230
254 153
253 158
252 163
251 168
251 174
250 179
249 184
248 189
248 195
249 201
253 204
258 206
262 210
266 213
270 216
273 219
276 222
279 225
283 227
277 227
271 227
265 226
247 111
252 113
256 116
260 120
263 123
266 126
269 130
272 134
273 139
272 145
270 149
266 151
261 149
257 146
253 142
249 140
246 137
242 135
239 132
247 111
247 117
247 124
245 128
243 132
241 136
239 140
236 143
232 146
227 144
224 141
221 137
219 133
217 128
216 123
214 119
213 114
209 121
206 118
203 115
203 109
205 105
208 102
213 101
218 100
221 103
223 107
220 110
215 111
209 111
246 134
244 130
242 126
239 123
235 121
230 120
228 124
226 128
226 134
229 138
234 137
240 136
240 136
240 136
237 61
233 63
230 66
228 70
225 73
225 79
225 85
228 89
231 92
236 95
241 94
245 91
247 87
249 83
250 78
250 72
249 66
246 62
242 60
237 61
237 95
235 100
233 104
232 109
230 113
229 118
228 123
227 129
227 135
227 141
227 147
227 153
229 158
231 164
233 168
235 172
238 175
240 179
243 182
245 186
249 188
254 189
260 189
265 188
272 186
276 183
282 181
286 178
288 174
291 171
293 167
295 163
298 159
300 163
303 167
306 170
236 171
240 173
245 175
250 174
256 174
260 172
264 170
267 167
270 163
273 159
274 154
275 149
278 152
281 156
236 103
233 100
227 99
222 96
220 92
216 89
213 84
210 80
209 75
206 72
204 67
203 62
203 56
202 51
200 47
197 44
194 41
190 38
185 37
235 101
231 99
228 96
225 93
223 89
221 85
220 80
219 74
218 69
218 63
217 58
217 52
217 46
216 41
214 37
212 33
209 30
204 29
190 45
186 43
180 43
175 44
172 47
170 51
170 57
171 62
175 64
181 66
187 66
191 64
194 61
195 56
196 51
194 46
194 46
194 46
239 64
234 65
231 68
229 72
228 77
226 81
226 87
228 91
231 94
235 97
239 99
243 97
247 95
250 92
253 88
255 84
256 79
256 73
254 69
252 65
249 62
245 60
238 60
236 64
241 102
240 107
240 113
242 117
243 122
243 128
244 133
246 137
247 142
248 147
249 152
250 157
252 161
254 165
257 168
259 172
262 175
265 178
268 181
271 184
274 187
277 190
281 193
284 197
286 201
289 204
291 208
294 211
296 215
299 218
297 223
292 225
286 225
281 224
251 153
252 158
255 161
258 164
261 167
265 170
269 173
273 176
277 179
282 180
288 180
293 181
299 181
305 181
309 178
313 176
317 174
321 172
325 170
329 166
333 164
336 160
339 164
341 168
344 171
240 109
234 108
230 106
225 105
220 104
214 104
208 104
201 104
195 104
189 104
185 106
180 108
176 110
173 113
170 116
242 112
243 117
244 123
244 129
244 135
244 141
244 147
242 151
241 156
238 160
236 164
233 167
230 171
228 175
225 178
204 203
199 205
196 208
194 212
194 218
196 222
199 225
203 227
208 228
214 228
219 227
223 225
226 221
226 214
225 209
223 205
219 203
214 202
208 202
201 202
201 202
201 202
257 89
255 93
255 99
257 103
258 108
261 112
263 116
267 118
273 118
278 116
282 113
284 109
286 105
287 100
286 95
284 90
282 86
279 83
276 80
269 80
263 80
259 82
256 85
278 116
281 119
282 124
285 128
286 134
286 140
288 144
289 149
288 154
288 160
286 164
285 169
283 173
282 178
280 183
277 187
272 189
267 190
262 192
255 192
251 190
245 189
240 188
234 185
230 182
224 180
219 178
214 176
209 174
205 171
200 170
194 172
190 174
186 177
183 180
180 183
176 186
172 189
169 193
165 196
162 199
159 203
157 199
154 196
152 192
268 191
264 188
258 187
254 185
250 183
246 181
241 180
237 178
233 176
229 174
225 171
220 167
216 165
210 166
206 169
202 172
199 175
195 177
192 181
190 185
186 188
184 192
181 195
178 198
172 192
168 188
165 184
163 180
283 125
279 127
276 130
272 132
266 134
261 136
257 138
252 139
248 142
245 145
238 145
233 146
227 146
223 144
218 143
214 141
209 139
203 139
199 141
283 124
279 126
275 128
271 130
266 132
262 134
256 134
250 136
245 135
238 135
233 134
228 133
223 132
219 130
215 128
210 129
207 132
140 193
142 189
144 185
145 180
147 174
148 169
149 164
151 160
153 156
154 151
155 146
157 142
158 137
151 137
146 139
141 141
137 144
133 146
129 149
125 152
121 154
117 156
112 157
109 160
104 162
101 166
96 171
91 173
89 177
86 180
83 183
80 186
78 190
76 194
76 200
79 203
83 206
88 207
93 208
100 208
106 208
111 209
117 209
123 210
129 210
135 210
141 210
147 211
153 211
159 211
167 211
173 211
179 211
185 211
191 211
197 211
203 211
209 211
216 211
222 211
227 210
233 210
239 210
245 210
251 209
257 209
261 207
267 207
273 207
277 205
283 205
289 205
295 205
300 204
305 203
310 202
315 201
320 200
326 200
331 199
336 198
335 193
331 190
327 188
322 185
318 182
315 179
306 175
302 173
297 174
294 177
291 180
288 183
288 183
288 183
209 63
207 67
205 71
204 76
205 81
206 86
209 89
212 93
216 95
220 97
227 97
231 95
234 92
235 87
237 83
236 77
234 73
232 69
228 66
223 63
218 62
211 62
232 95
235 98
238 101
241 104
246 108
249 111
252 114
255 117
259 120
262 123
265 126
269 129
272 132
276 135
278 139
282 142
286 144
290 148
293 151
297 156
300 159
303 163
306 166
309 169
311 173
314 177
317 181
320 184
323 188
324 193
322 198
320 202
317 205
312 206
240 105
246 105
252 107
258 107
264 107
270 107
274 109
280 109
285 111
289 113
294 115
299 117
303 119
307 122
310 125
314 129
316 133
318 137
322 139
240 104
244 102
250 102
255 100
262 100
268 100
274 100
280 100
287 100
292 102
295 105
298 108
303 109
306 112
310 114
313 117
315 121
273 135
277 137
280 140
282 144
285 148
288 152
291 156
293 160
296 163
299 166
302 169
305 173
308 177
310 181
311 186
311 192
309 196
305 198
299 198
369 221
364 220
359 219
355 217
351 215
346 214
340 214
335 212
330 211
325 210
320 209
313 209
309 207
303 205
298 203
293 201
289 199
283 197
278 196
274 194
269 193
262 193
258 191
252 190
246 189
240 187
236 185
230 184
224 182
218 179
212 178
206 175
202 173
198 171
193 169
188 167
184 164
181 160
179 156
177 152
179 148
181 144
183 148
184 153
187 156
190 159
193 162
197 164
200 167
205 168
209 171
218 174
222 176
228 177
234 179
238 181
243 183
248 184
253 185
258 186
262 188
267 189
272 190
276 192
283 193
289 193
293 195
298 196
303 197
308 198
313 199
319 202
324 203
330 203
335 204
340 206
345 207
350 208
356 211
356 211
356 211
Size: 391 238
